DegSpeed=10.9
RotorRadius=1111111111
RotorLength=90.10000000000001
FeedMethod=0
RotorPressure=50.5
GasParam=70.30000000000001
FeedFlow=10.9
SplitRatio=30.700000000000003
PoorCoverTemp=30.700000000000003
RichCoverTemp=90.10000000000001
FeedAxialDist=10.9
FeedDegDist=90.10000000000001
PoorDrive=90.10000000000001
TackHeight=10.9
RichBaffleHoleDiam=70.30000000000001
FeedBoxHeight=50.5
PoorArmRadius=30.700000000000003
PoorTackInnerRadius=10
PoorTackOuterRadius=30.700000000000003
PoorBaffleInnerHoleOuterRadius=30.700000000000003
PoorBaffleOuterHoleInnerRadius=10.9
PoorBaffleOuterHoleOuterRadius=70.30000000000001
RichBaffleArrayHoleDiam=90.10000000000001
FeedBoxAndPoorInterval=30.700000000000003
PoorBaffleAxialSpace=70.30000000000001
SplitPower=456.55
SplitParam=998